0 -0.130159131906872 0.443319118099757 0 2.14565112981906
0 -0.473529581824292 0.257270550873403 0 1.39675857610543
0 -0.0375834287736468 -1.10157307154733 1 -0.711956234168553
0 -0.278177322447219 -0.615455197955827 1 0.322247730696234
0 -1.06546514086305 0.472265165131883 0 -0.610903860341481
0 0.600347463977132 -0.35162484439367 0 1.35938048674924
0 -0.130789290165119 -0.763522090268136 1 -0.562808168146858
0 0.439469115720409 0.560998271222508 1 -1.65908820284186
0 -1.14837367378458 -0.253545868645416 1 -0.536583197397499
0 -0.0979397830455874 0.16069030786224 0 -0.219875171236417
0 1.4602337864075 -0.465170705860967 1 0.623959180254962
0 0.921588279293213 0.952598874854266 1 0.286689175535702
0 0.220741375460675 -1.25469091801328 1 -0.42678993492358
0 0.584860027551621 0.226801464778022 1 -0.0882813780126776
0 1.06470408239049 0.838366147268189 1 0.537745369113797
0 -0.770260739666708 0.344151686803809 1 -0.981158857730081
0 0.320675237431229 0.989396902834141 0 -0.389064901443078
0 1.62401011278679 -0.194666803864595 0 -0.654229086439348
0 1.55602980809746 0.58533267698628 0 0.0483798488919975
0 -1.12319129177195 -0.767023350403938 0 1.03549809287852
0 -0.828983975687098 -1.54028600767014 1 -1.62320371867631
0 1.25921343078227 0.125057037731756 0 0.286996490008014
0 0.378161363447317 -0.548752225252826 1 2.13795830493521
0 -0.0254858505477807 -1.0313750294988 1 2.70228744481233
0 1.10642050780967 1.59602159364422 0 -0.569953969694292
0 -1.84278934043892 0.466331414816735 0 -2.70555784980291
0 -0.200189504053923 0.526635307411542 1 -1.1901534001562
0 -0.636404885793568 -0.136318231584165 1 0.313037824187635
0 0.895380421768422 0.16619781611285 0 0.177562474753283
0 1.3091496093074 0.923260189113637 1 0.0525563101385744
0 -0.464161182723724 0.00594738480448553 1 -0.284539923850279
0 -0.174156233617902 0.938596217668739 1 1.02050144980637
0 -0.875783887530404 -0.385204969227257 0 -1.3161840250803
0 0.0995793653743461 -0.320472064733056 1 1.21973544195856
0 -0.593256803188603 0.0927225405662085 0 0.864257656266347
0 0.653631252157691 0.947885746468848 1 -1.70127025754317
0 1.03482332404361 0.493429292290644 0 -1.53086544511738
0 0.601320386815393 0.296067954024795 1 -0.226424721274595
0 -0.652089986707353 0.260629426839795 0 -1.47473034165746
0 1.19171760833617 1.20478132597134 1 -0.312621396950357
0 -0.233316182843007 0.0948847370357811 0 -0.122124103861025
0 0.631077606200223 -0.256060963829339 1 -0.0841637210916433
0 0.657365679277694 1.10452011537876 1 0.784952213930684
0 0.565990120822773 0.533555402523277 1 0.595453379908841
0 -0.0382986644461893 -0.0683794621333189 1 -0.158881073347156
0 -1.70276011481994 -0.0933761667241963 0 -2.32964618701586
0 -0.287447784433367 -0.33264147375625 1 -2.0480850280138
0 -0.620385007360451 -0.632494879362888 1 0.0842018270271409
0 0.43581261121489 0.776386066624893 1 0.602247244300675
0 -1.28413643949589 0.173621295970922 0 0.0362904287658722
0 -0.259369886226721 -0.996606271186245 1 0.379104586236531
0 0.0495048908261106 -1.3571436457732 0 -0.167207747679841
0 1.64755124907122 0.286286082950666 1 1.38456203647419
0 -0.756826019589059 0.0649844615173189 0 0.201092850762438
0 0.516645135812527 0.816600503243524 0 1.18312779833868
0 0.327481465289663 -0.909793738489697 1 0.340499628233194
0 2.93539055869403 0.864617269934004 0 -1.89530713515176
0 1.32140385680396 0.562027362829274 1 -0.585770854297498
0 -1.44183245162207 -0.11458794092457 0 0.337975087943306
0 -0.2704681588821 1.23598632452311 1 0.737178963602728
0 -0.109648558783414 0.158690803094116 0 -0.226555733654636
0 0.0669374796302079 0.191004314044858 1 0.367567083835605
0 -0.23338268341994 0.422870025208536 0 -0.770605288889132
0 0.991195627501881 0.435025717179323 0 -0.253589982701208
0 -1.43833863593781 -0.648270773419552 0 -0.191026430143599
0 -0.935118556790906 0.761408790884185 0 0.110313577806657
0 -1.83732673898853 0.378222896999421 1 -1.45697123526241
0 0.155642775696548 1.29413454540584 0 -0.456307617653362
0 0.660980343426512 0.311965446567369 0 -0.107573446293539
0 0.532158779677943 -0.0296717947725751 0 0.478220013069367
0 -0.274455552684588 -0.798930539663379 1 -0.149990241273916
0 -0.731207691845714 -0.241144716523956 1 -0.127750207398769
0 0.212917582667921 0.130306289976282 0 -0.909064685263206
0 -0.320123256328529 -2.10738587793616 0 0.284949566916012
0 0.409445854167165 0.791723438357467 1 -1.54764240310437
0 -0.241781775100097 0.0922760848961322 1 -1.60071993265965
0 1.22247628002566 0.238917976660164 1 -0.346550545376837
0 -0.219600813321083 0.666946308033201 0 -1.04327127258322
0 -0.348059637040141 -0.912085464417439 1 -0.315058332891555
0 1.25881288641342 -0.331946653864918 0 0.855611497196843
0 -1.03146915819258 0.817759621830779 0 -2.29581567477185
0 0.300670066664785 1.55598068497153 0 0.259506637332703
0 0.348301784122763 -0.608775029505854 1 -1.80056596323071
0 -0.463090250988704 -0.0629530125490075 1 0.183200454720147
0 -0.845477654588246 1.46342273395713 1 -0.0488523790218658
0 -0.866924831690249 -0.01792814497967 0 -0.771053245969609
0 -1.06676593800178 -0.558321917778202 1 1.66650607775434
0 2.42100304216397 2.03271498849152 0 0.569814010432319
0 0.37651154664247 0.421003800960172 0 -0.265487275978614
0 -1.21115411590592 0.293816663983102 1 -0.985786272614293
0 -0.0862843955497118 -0.237050781283389 0 0.576104890526191
0 1.03995358688755 -0.109597183880873 0 -1.32452435812118
0 -1.92976898647341 0.125260717054354 1 -1.62727905509641
0 0.549321717602333 -1.18240915562052 0 0.925289969294327
0 -1.90401642705824 0.0536069147209087 0 -0.350634274491837
0 -0.469306977266548 0.553773511815923 0 1.39786820291064
0 -0.575538863734058 0.882170463869971 1 -0.492465308487515
0 -0.443712404874074 0.0838375915579435 1 -2.37513641048714
0 -1.90294181569888 0.630137490993866 1 -0.816101854861597
1 2.22907749232169 0.212339267391253 0 0.431331063092785
0 -0.306908291051246 1.01132643006306 0 0.533707571863948
0 1.22428812848598 0.209486223767435 0 0.0473126655935765
0 0.23284041730374 0.395432689836278 1 -0.916571251036533
0 0.749040419651061 -0.551135498968131 0 -0.900030890298583
0 -0.00367087819820022 -0.448173944651133 1 0.577576862281313
0 0.460794899913242 0.0496694974438615 0 -1.5247850037823
0 1.23700354987612 0.514664112750087 0 0.0505596221304875
0 1.04796983154245 -0.0539642981344404 1 -0.575243694669408
0 -1.7016423000376 0.771081655890279 0 -2.26518842364248
1 0.356694944079536 1.63571063633407 0 0.795318988867471
0 -0.194299174983964 -0.876291829164201 1 0.0299084623749505
0 -1.1859176775 -1.15000536088826 0 0.0851588000300747
0 1.07957894746338 -0.974157482571516 0 0.762069154068707
0 0.0960941667719724 -0.885571441390227 1 0.979508611565526
0 -0.023977958800147 0.436563094665117 1 0.185720135184489
0 0.486701971932667 0.122887240044822 1 -0.543509829029144
0 0.878319919125985 0.281559143523559 1 -0.539469788596712
0 1.34385271537376 2.61788820500264 0 1.24212898244022
0 -0.363123231695209 -0.0407504009605955 1 -1.11823532930573
0 0.397087940936589 0.610570652919643 0 0.361880360610685
0 -0.224600767145882 0.913986768732774 1 -0.0131273451515527
0 0.710540263947703 -0.907778039722006 1 -0.913279303318342
0 -0.5703142263036 0.505764101740712 1 -1.92417021545436
0 2.47970786448997 0.803806692803865 1 -0.827394210327736
0 0.523829398980692 0.346846225576014 1 -0.168656303539096
0 -0.342686025873441 0.198286555654617 0 1.18476445418316
0 -0.579079551684813 -0.173240888912866 0 1.02939880847757
0 0.332554212030559 -0.766108581786494 1 0.488494860986136
0 1.37590594346334 1.74134022627146 1 0.316422826232225
0 -0.0544903327554133 0.34385858131258 0 0.546389653770406
0 -0.230906735111584 0.780498628082639 1 -1.62098090366611
0 -0.852807538149583 -0.398748423951966 0 0.433441892822746
0 -0.6108836960609 1.0878205505972 0 0.222954436151949
0 -0.891786587112866 -0.134705751793739 1 -0.193188755739873
0 0.347385339597776 0.252580107162248 1 1.1006527888688
0 0.358673794652995 1.02068986587766 0 -0.0174103100956655
0 -0.448548398479224 -0.228944594936878 0 -0.643541300219638
0 1.55836594590202 -0.167741447834454 1 -0.466935877661211
0 -0.184361066216629 -0.307102995338363 0 0.814001467944365
0 -0.654555560198073 -0.401998698791144 0 -0.204576976540153
0 -1.72785737890829 -0.604967958831411 0 -0.190459664186823
0 0.232082807103671 -0.543772532328036 1 -2.04261412038131
0 1.53296876290635 -0.447313748831767 0 0.066965132785994
0 0.200172454302748 0.195436575547007 1 -0.00987313650195459
0 0.573855692181551 -0.054561109356035 0 0.759977758439345
0 -0.464941976313584 1.14775540459976 0 -1.1495167133107
0 -0.228289017598678 -2.17464794196433 0 -0.0404603787312158
0 -2.06034785390192 -0.751065217411171 1 1.14677640316051
0 -0.851473656483606 0.618967397770734 0 1.58231513600183
0 0.359494845608714 0.112816018655938 1 -1.24865806998617
0 1.05796576542259 0.592017441477876 1 0.309767581309063
0 -1.01624508686912 1.48901030786476 0 -0.418797964869789
0 -0.712072633981663 0.629938822587396 1 -0.0670216610291325
0 0.52125635639027 0.456769021986528 0 0.83101653514986
0 -0.0701703093394319 -0.259210616762421 0 0.278239538394161
0 -1.08369560756851 -1.30052972104408 1 1.00563095189342
0 2.3474567492333 1.50471937934486 0 -1.19201129701458
0 0.815477438847849 -0.561401244222577 0 0.77538280224333
0 0.260796906797591 -0.590111168052765 1 -1.69178542480806
0 -0.445679390948136 -0.0328580055808947 1 0.437669822777828
0 -1.24250434589563 0.644766482016025 1 0.841178602039335
0 1.12814057809801 -0.320919805862199 1 -0.43403757771264
0 0.18890836062254 0.735981782882719 1 -1.03248183247925
0 0.2136026718412 -0.759058014372846 0 -0.486286358910598
0 -0.736199310495509 0.0781310952599559 0 1.33450455242511
0 -0.456575842312726 0.13690741249315 0 -1.50248862624028
0 1.11362389047374 0.247640836690906 0 -0.46101881217631
0 0.362246752086696 0.17540853909928 0 2.44570659101971
0 0.54476144928461 -0.287013657991782 0 0.910335023626417
1 -0.633397504355762 -0.056890521609348 0 1.7483944500475
0 -0.708699369984883 -0.785364687176404 1 -0.539485481444855
0 -0.320565753766734 0.0828500768053907 0 0.247075945903721
0 -1.6612609224503 -0.288850756367377 1 2.12645266530728
0 -0.112409802299606 0.25729248362245 0 -0.207096755848944
0 -0.421461430038915 -0.730738965322579 0 -0.441417285995668
0 0.477209539349238 1.34099012642068 0 1.42028254198302
0 0.862346726991544 0.591252210868152 0 -3.52510692441444
0 -0.570276144552421 0.0356997841357405 1 -0.251900211736275
0 0.997084452545878 1.41696037020787 1 0.753369127441311
0 0.0254860684926458 0.160605032457443 0 2.20440911137325
0 0.668205706078388 0.445970188357253 0 0.896226303843421
0 0.512451346942755 1.08380230014467 0 1.88285170223209
0 -1.47321812474498 0.527578836187649 1 0.636212843247773
0 0.970429297890729 -0.561423849733838 1 -0.774693419469421
0 2.093585381749 0.623923647228122 0 -0.289633781989844
0 0.782319038003722 -0.411372082565444 1 -0.0773936208610073
0 -0.881080812487357 0.107352804971873 1 1.74997737448306
0 -0.715998473404553 -0.0862898596590051 1 2.90651342227285
0 0.866029958544417 -0.492814616367747 1 0.101820994538529
0 0.440366696846651 -0.608838272894629 1 -1.15471097534185
0 -1.23818298291408 -0.606798503992225 0 -0.31504923043126
0 1.19064632202764 0.46729041574028 0 -0.122626660346476
0 1.89498208784518 -0.00601567166849387 0 -0.388051091632173
0 1.51109014784114 1.41114296234906 1 -0.0279487765513926
0 -1.39555631054817 -0.386734558596476 0 -0.246341688955863
0 0.301580902546229 0.363970808770515 1 -0.181751048937529
0 -0.392684579687536 0.28031381306279 0 -0.762394014581481
0 -0.664471617852943 -0.76992534891495 1 1.69651827224184
0 0.183830981773376 -0.364532544200032 1 0.0976946881521763
0 -0.128525591666012 0.20790058503526 0 -1.13643370977465
0 -1.38529359147008 -0.521607773489859 1 -1.26840001748655
0 0.0914132875210964 0.352346802504519 1 -0.291747973228538
0 -0.501611820871157 -0.378983226705799 0 -0.743891676466495
0 0.299918459944055 0.904674284802586 1 -0.972602619839417
0 0.0642239081269148 -0.490603178553354 0 0.834597004876115
0 -0.710321418850058 0.556959131865518 1 -0.51244855851289
0 1.25320010850042 0.593073903423338 1 -0.493025384745663
0 0.571785475605914 -0.228829750573791 0 -0.99345508201262
0 0.306750651322 0.593644338324754 0 0.599419626469561
0 0.774429299529411 0.192296159833834 1 0.0992195998951165
0 -1.00523949061403 0.344047585142689 1 -0.991426086187918
0 2.10146569258883 -0.767788731335703 1 1.08089307698717
0 0.243056658891805 0.87059790422069 1 -1.51235059217843
0 -0.586798629972728 0.773876308349909 0 -1.1362146608471
0 -0.329253460023126 -1.25272011692155 0 0.597409994405107
0 -0.360038928404209 1.17509594255047 1 0.627156281023997
0 1.20617162864734 0.706887148505169 0 -1.72720662334862
0 0.728938370135601 0.464621479170509 0 0.178461563142568
0 0.784978886729985 -0.358628593813416 1 -1.0678365815417
0 0.36612150013928 0.585846933535152 0 -1.94913367825199
0 0.0472890116469632 -0.87848414064322 1 0.551677511170199
0 1.40940826105171 0.0498710753268166 1 0.251431868752002
0 -0.559220055273059 -0.0177520723409648 1 1.57348176012147
0 1.55991057655975 -0.524613062592857 1 -0.327525694358487
0 1.9683113576933 1.29286055545474 0 0.296667428583718
0 0.886179559923215 0.73699330948881 1 -0.195175560277103
0 0.488276670970779 1.47767763708599 1 -0.780046801298784
0 -0.741256123897782 1.19591006276578 0 0.0902352124932314
0 1.5319069341247 -0.385193712686065 0 -1.73990506872109
0 -0.239503118222722 -0.827039800409631 0 1.50664416628221
0 -1.61401216223379 -1.03057637323008 1 1.36405884533408
0 -2.34860141852358 0.472745882920999 0 1.02980381494376
0 -1.55848055181148 -0.44622821146017 0 -0.914441470070243
0 0.739939271136327 -0.19298383408372 0 0.37847005515892
0 0.578762797645501 0.950335736655135 0 -1.00522562175834
0 -0.079110785212147 -0.549187938019896 0 -0.814410532507784
0 1.39607255097146 1.44989875111281 1 0.571492049466906
0 -0.248852833391911 0.149463951878675 1 -0.486624060726159
0 -0.263496115631475 1.98843916304002 0 -0.750563429399955
0 -1.11445444029035 0.244540227333563 1 0.54425426828005
0 -0.130402237597744 0.648367453291031 1 0.395851712421328
0 1.12157258625612 0.578920360436377 1 0.440180139680528
0 -1.08873286646151 0.116030203604397 1 -1.60782061352655
0 -1.34688745317006 0.951493976258996 0 0.243516967948207
0 -0.913374416353855 -0.520111662656151 0 0.241006017905913
0 0.53680085981085 0.499698333570182 0 -0.319806844746885
0 -0.783821450831923 0.975825671828909 1 -1.67558012323152
0 0.280056384269152 0.0964728145566447 1 1.30062232865744
0 -0.844255668284223 0.380585076524024 1 0.89448685217514
0 0.578208183985799 -0.886191723072118 1 -0.315646900394703
0 -0.730917512799063 1.07695944637843 0 -0.188314237943385
0 -1.62514070105976 -2.33159820517601 1 0.790623725004379
0 0.0354407893593926 1.27956477020531 1 0.0165392766156092
0 0.913553714235178 0.391156863091548 1 0.0805308925319388
0 0.339524472758917 -0.123838175612556 1 0.679611612683268
0 0.0123396467574151 1.24291486591488 1 1.35644134577522
0 -0.812657557744124 0.388339156644889 1 0.816797587433809
0 -0.304066288547353 -1.39315615960463 1 -0.450144296068112
0 0.179489359224148 0.17371933061535 0 -0.249610441200889
0 -0.445118936758385 0.0869232645341812 0 -0.174385224527799
0 0.983922724888836 -0.00631151834217764 1 -1.25265733597812
0 -0.351946400846201 0.56727523334156 0 -0.0413011750455798
0 0.692050059039806 -1.15462311124993 1 -0.587240415998675
0 0.222625549188314 0.474087954325367 0 -1.8321658493534
0 -1.02288610907344 0.739619990129656 0 0.247784284234124
0 0.442985156390222 1.00421393224814 1 0.145548431792288
0 0.392720827433505 1.00566283119315 1 -1.13396697763256
0 0.782125388120083 0.0883524551100227 1 -1.21666306308718
0 1.64406108777413 0.75781191897694 1 0.792451982949305
0 0.325807899173494 0.88998022606436 1 0.259881197518919
0 -0.0178468506127146 -1.04514646682996 1 1.42271602915712
0 0.696765675918133 -0.0892286333640908 0 2.3232617939254
0 0.684800596585316 0.915678858856499 1 0.620009269552792
0 1.88215953485546 1.24912227382532 0 1.05257569838774
0 -1.66159428054911 -0.385319251699436 0 -1.35982904306068
0 -0.428868644196909 1.65339230059485 1 0.660326624354863
0 -0.550436062849941 -1.05786284864689 0 0.00224080874938161
0 0.839719733725442 1.8947456212402 0 -2.39401920673351
0 -0.318727847259503 -0.410825171799344 1 0.605306952250336
1 0.560558519116751 -0.913033514171444 0 -0.722543548633918
0 -0.413777897850985 -0.327161158780092 1 1.07783200348771
0 -0.310268239362038 -0.21237822827562 1 -0.0997703839275658
0 -0.373577190551636 -1.06382283716923 1 -0.685561379175139
0 -1.41095635289268 0.617559658575143 1 1.34057325460977
0 -1.31101330674807 0.427666561676474 0 -0.0255605924244296
0 2.20179631669808 0.618656098587936 0 -0.230762947827867
0 -0.869213456479981 -0.118346432850415 0 0.561984281546413
0 -0.324468229029845 -0.285474760699879 1 -0.845322698504943
0 0.574995432332446 -0.494340148902359 1 1.30736607941272
0 -1.19691979626702 0.729399493049818 0 0.409051604393096
0 1.13553985550978 0.0468889995068676 1 -1.81609784798434
0 0.877184605361001 -1.17367540050242 0 -0.174810889114696
1 1.26020717096733 0.595610090627699 1 1.04201554995572
0 -1.64704484191803 -0.534707998380631 1 0.138265772220659
0 1.94707430544683 0.592994590769824 1 -0.524680558232003
0 -1.26187716318812 0.88693639471893 0 -0.403795899600329
0 0.673503601797635 -0.903721742409373 0 0.484300071781563
0 -2.32231719316385 -0.0405109046741779 1 0.0219420889351981
0 0.177544752662177 -1.9406175815013 1 0.0873075904933983
0 -0.752404510842644 0.351712398868899 1 2.20777092806577
0 0.0438050779319761 0.800429047562336 1 -0.0155072474935914
0 -0.862858297065196 0.800956286566246 0 -2.05867818029805
0 0.920204530084889 0.225108664985639 0 0.787410983413395
0 -0.0704443840880818 0.421975914173194 1 -1.7239470855924
0 -0.225058637989895 0.632818000584763 1 -0.396758063678238
0 -1.12148115746212 -1.06498134081323 0 -0.518412918471297
0 1.90219561206571 0.821526314054471 1 0.238988250347989
0 -0.515338619862401 1.07438705291273 1 0.12734647217833
0 -1.48013880228424 1.29897184241792 0 0.771559793896372
0 1.55600513987786 0.562340230463704 1 -0.238061683103837
0 2.82619644710661 0.249228961593881 1 -2.8904170993722
0 -1.09121820860546 0.351357003204715 0 -0.0545576620749832
0 0.0315941778485054 -0.0902020724463152 1 -0.606787261530525
0 -0.480427870373172 -0.293885887637362 0 -0.601558120671336
0 -1.49109563004426 -1.22980356395831 0 -2.51473034894028
0 -0.643358513117945 -1.10469870395822 1 0.851918991965948
0 -0.935168808218966 0.00860251222530344 1 0.776267535529886
0 -0.828259448813091 0.399002445798729 1 0.791405140349071
0 -0.66998103399873 0.543502201135183 1 -1.38635308377571
0 -2.34806775681935 -0.244546873713904 1 -0.372480851546254
0 -0.716964453831531 -0.681299873626127 0 0.912837953486583
0 -0.509802000201351 -0.0328757414265317 0 -1.95113921347647
0 0.163591625816781 -1.55953237074187 1 2.12009067614304
0 0.656151767760914 -0.703205056220898 0 -2.17330065080314
0 0.0582497868643849 0.331261584996939 0 -1.16979189606112
0 1.23324248677381 -0.107227580717619 0 -0.272995573957745
0 0.407753192388114 -0.228022968928589 1 -0.389566184942244
0 0.948324706131906 -0.185135312890685 0 -0.131195072219781
0 -1.47484642562048 0.327129912012539 0 0.702135927279222
0 -1.32278661945571 1.76524355932852 0 0.393245598844331
0 1.75145504900835 0.263366399881167 1 -0.52990429076724
0 2.20870407300395 0.552039993236057 0 -0.896969151356262
0 -0.271313812154184 -0.800117418398065 1 -2.27707745044824
0 -0.473062714698299 -0.503964146511561 1 0.197361784408507
0 -0.612406592109215 -0.851035931235144 1 -0.427247733664474
0 -0.189946109656443 0.116079166196043 0 -0.722492057209011
0 0.322208871897421 -0.547357391254778 1 -0.738787316824764
0 0.131837657692095 0.706368416538008 1 -0.827044957364299
0 -1.88180723955993 -0.662360218028082 1 0.255952931674771
0 -0.0223136630185576 0.362696909723034 1 -0.874416134154933
0 -0.551333000754009 -0.147855047866973 1 -0.217025189024078
0 -0.0478886288796375 0.512003804105063 0 -0.9512869465083
0 0.388588650207396 -0.285650074451215 0 -0.550333007962145
0 -0.0905990065745078 0.156892595264596 1 1.32329511291382
0 0.256217101071139 0.332774030491789 0 -1.86103005506791
0 -0.0993594762433439 -0.546473621884866 1 0.921270534828358
1 -1.34677133753518 -1.13131684413739 0 -0.340915637057957
0 -0.54084164272478 -0.586703447121195 0 2.18823829815324
0 1.2867034308799 0.529743007427769 0 0.586140450606702
0 0.599105640801448 -1.12447442707183 1 -1.00834033351211
0 -1.01029837978491 -0.263036772805793 0 2.22830159276524
0 0.394694795117893 0.653798973608265 0 -0.973335851297015
0 0.559149159391582 -0.358717655823816 0 -0.815893719439504
0 1.35079778017403 1.34077795618528 0 1.49091095696334
0 -0.614912517510742 0.328009151285553 0 1.47089051908289
0 -0.387249471021552 0.275828196032285 1 -0.646152339152401
0 -0.0349052246859274 -1.21903505413075 0 -0.887681463118547
0 -2.05639607609407 0.611103982337708 1 -0.583336226630258
0 -0.743317791472579 -0.224692445642536 0 0.620364341496532
0 2.92044622341659 1.02967620586397 0 -0.34952490041705
0 0.568349139174609 0.222517287434174 1 -0.775746528997195
0 0.0600068376352436 -0.689837566153156 0 1.92010911590921
0 -1.51786730760556 -0.455818150999926 1 -0.242789537619681
0 -0.636045689003674 -0.0998129973319328 1 -0.386919522657214
0 0.706874055399879 -0.0211460469362358 0 0.745185487555182
0 -2.25954958395473 0.614785307268634 0 1.13599952274838
0 -0.725573711897514 0.295126159050356 0 0.0161585103246163
0 0.383576377377954 0.812888136330738 1 0.353324917233199
0 0.523741650511708 -0.518192821235168 0 -0.159732070315998
0 1.75694620286527 -0.0358523008203191 1 -0.738379330789571
0 -1.08271846430571 -0.424758792084153 0 0.6322334102726
0 0.475801868072319 -0.345981968861253 1 -0.3098796708866
0 -2.58814956952016 -0.901781801798075 1 -0.803762473459892
0 2.44837518625756 0.331793770307649 1 -0.510560318240233
0 0.18721985449208 -0.850789578884388 1 0.0410054710834081
0 -0.96210052949013 -0.330169955139907 1 1.32258567186582
0 -0.600239047381617 -0.13917017704652 0 -0.00948577524853647
0 0.461330530668049 0.58762879930597 0 -0.822917305931078
1 2.23221872240999 -0.678416311290593 1 0.334629479507209
0 0.501031240399418 0.63688381472752 0 1.30826276970525
0 -0.370390915956281 0.0889834425013315 1 -0.157203580705098
0 0.113805626392534 0.34245792715655 1 0.0653970445421289
0 1.7257967441744 1.14056407308052 1 -0.859565772826633
0 -0.536110280890141 -0.495592590650205 1 -2.06159565222975
0 0.409836852247015 0.146795598078052 0 -0.64660208457076
0 -1.09914164222244 -0.723366800073567 1 -0.97300226057216
0 -1.48132233407293 -0.548252309162576 0 -2.56163608829309
0 -0.705629660711929 0.108559024726079 1 1.24788044752825
0 0.576504942867303 0.116707998270135 0 -1.02483541371425
0 -1.67613393284343 0.735405478789897 0 0.815022247696015
0 -0.017657668388477 -0.244065607221792 1 1.50663750761453
0 0.660494885405739 -1.86763879332031 1 0.0835557932784514
0 1.26117743990274 -0.813756517063422 1 0.322451295996364
0 0.06441932291675 0.361283004451777 0 0.628625188964679
0 -0.96026759364834 0.469935698602051 1 0.714174865282261
0 0.363949123247731 1.00773877599132 0 1.00438785999707
0 -0.642520631216359 0.192500502686928 0 1.64767950930872
0 -0.982695383962008 -0.0209992547251413 0 -0.761180188394014
0 -1.44934442461216 -1.32690031039581 1 -0.0411577442630978
0 0.481290727389347 -0.938246116443056 0 -1.02162332744207
0 -0.188300782209534 0.702724545973661 0 -0.179809297823225
0 0.336920930113181 1.31157663375916 1 0.319483444285107
0 0.275901096801578 -0.14106550965796 1 -0.778263711514807
0 -0.88911006021587 0.677967701490724 1 -0.226289869738949
0 -0.165223486374681 -0.00071670806302826 1 0.292111430223092
0 -0.462154888199076 0.534198779446779 0 1.46059897415377
0 0.493414223398198 0.300608143494346 1 -0.21916913923208
1 2.5909279390434 2.12581134796407 1 -1.69774727590959
0 0.348644547561692 1.14706583244186 1 2.89024766522705
0 -0.532481403194978 0.934278049954971 0 -0.193623666998471
0 -0.343733137972746 -0.116197684718815 1 -1.57610556221063
0 0.0862903400794284 -1.2978779923106 1 1.41254848774269
0 -0.967706692748757 1.3324347898784 0 0.0850008083746556
0 0.543037759919868 1.11589060597911 0 0.563470193600204
0 2.63119694697658 0.047991525837616 1 -0.500877030962446
0 -1.88178287237488 -0.22668420730679 1 1.90274572511477
0 0.377333476913844 0.982729291361238 1 1.2052473632213
0 0.902872701727897 1.27427883434069 0 1.53527554105216
0 0.611090364999409 -1.15677140364411 1 -0.0757402005212238
0 0.725969622741432 -0.537985347788393 1 0.191535352707407
0 -1.79127619003186 0.238726624431552 1 0.644117410103137
0 0.329193245878388 0.9046054071247 1 0.872810894740844
0 -0.819236244434534 -0.0415898515558309 0 -0.108328850906925
0 0.387356204451463 -0.293373214096189 0 -1.37636616331021
0 -2.65475209685141 -0.261098664785465 1 0.320758753841012
0 -0.481751209707355 -0.59965180119702 0 -1.5405885807514
0 -0.702310207889754 1.02720604884081 0 1.0641151786945
0 -0.956098963586059 -0.463730210253848 0 -0.0209067899563687
0 0.541720596314381 -0.537719973590968 0 -1.02226430536416
0 1.33478763371928 0.336088305449401 0 -1.35058133769558
0 -0.43247616068955 -0.00185901077829927 0 -0.0858669072675337
0 0.808483960579452 0.266900134342068 1 2.22729620854537
0 0.441260095065 0.56689550612837 1 -0.562204879804201
1 0.789597332715658 0.250812248606179 1 -1.82038149364103
0 -1.38024030243164 0.0575846480535492 0 0.905686926450226
0 -0.0135496424563249 -0.816218907077087 1 -0.90858149363706
0 -0.0160739336913913 0.35736424785234 1 -0.75405532366657
0 -0.145170348215211 0.0398623440539882 1 -0.432508047671402
0 -1.21118514703654 1.55885579553826 0 0.519653869276453
0 -0.876384141822816 0.452811849605857 0 0.216042649397283
0 -0.648917226374495 0.143175053493764 0 -2.52364143227666
0 0.553713648951534 -0.103524722058126 1 0.410888905356477
0 1.6151144704869 -0.0046920322257416 1 0.436703553781092
0 -0.593965308098269 0.0345369911871933 1 -0.853561694119861
0 -0.0786690940740342 0.639786655735678 1 -0.04055205348118
0 0.202241149581117 0.64590415465851 1 -0.368729078025768
0 0.276444428065528 0.0074999744874471 1 1.13262109760587
0 0.728544605135329 0.255467862919249 1 -1.05769880700231
0 -0.962064291174206 0.535037705609155 0 -1.16986409471516
1 0.0526800790710626 0.361236065978402 1 -0.612121379241464
0 -0.343908792821562 0.273767506754773 0 0.888215082015355
0 -0.73032615604386 -0.220762754558111 1 -0.422666999148952
0 -2.1074648563561 0.137815368826783 0 -0.506758252247939
0 1.40541830071362 0.51729707517534 1 -1.50980378430452
0 -0.667511639742888 -0.654878390469488 1 1.54832976071777
0 0.67099791880555 0.250799292517494 1 0.182331332552762
0 3.5370044091503 1.40603288315872 1 0.776991958637688
0 0.558245925836466 0.118717498257463 0 0.473462709344226
0 0.795581932850041 0.51551032922686 0 -0.0515350298307533
0 -0.108795368869392 0.285649861089808 0 0.826230375458211
0 -0.6118649741886 -0.800613413889654 1 -0.187480232334422
0 0.509636260922292 -0.995241952947822 1 -0.461362693058225
0 -0.349185412832631 0.472501840069245 1 -1.38643281764503
0 -2.24166470228152 -0.511008988662215 1 0.19296199027752
0 0.0825048554106811 -0.786563238229597 1 -0.359543793976697
0 -0.527858380002523 -0.351441130686989 0 0.362297930867958
0 -0.616239674418043 -0.526977609477289 0 -0.0357999982133932
0 -0.0633442709227123 -0.842554032270535 1 0.317153487772707
0 1.7472495105055 -0.650427499993591 0 -0.813772738802301
0 -0.320955710488178 0.953442083966838 0 0.15962866917401
0 1.45494627252424 0.731140816053838 1 -0.580720457402246
0 0.121562288019588 0.408933306717268 1 -1.73504736590489
0 1.98684267412614 -0.661405818141679 0 0.885052451055099
0 -0.269470432443107 0.383038847686573 0 0.710181054963667
0 -1.15897996400615 -0.146624236947427 1 0.225979984507853
0 -0.300730027892928 0.139284379929988 0 1.02739694823685
0 -1.75258174969721 -0.297478691786425 1 1.18276027434804
0 0.242891995397711 0.622704651265549 1 -0.038091811793553
0 1.77063138363444 0.20504922060229 0 0.946969278980587
0 0.265618422763228 -0.245486262698143 0 1.72780987173894
0 1.24603271912679 0.0605584244040359 1 0.104564446106896
0 0.108717515432405 0.838563820876526 0 -1.05214686442111
0 -0.0265797543898664 0.633903322397315 1 -0.409766016993931
0 -0.295156641433401 -0.19911861900005 0 -0.0229498922134927
0 0.889343900375546 0.011937645695509 1 0.0595620302057046
0 -0.566589717503682 -0.302981419502549 0 0.521441291077926
0 0.395634413447619 0.688140545363032 0 -0.150161621816819
0 1.36306239794612 -0.0661048063453437 0 -1.0694697851799
0 -0.131029073194775 -1.1419451847766 0 2.25372503141167
0 -0.549560915120919 -0.0708598186571255 0 -0.135050087859585
0 0.0447466466184152 -0.491359898360435 0 -1.53379143488833
0 -0.317460964006025 -0.0690631214223848 1 1.48543197143866
0 1.72250931132758 1.56971317366153 1 0.322456798825089
0 -1.74515226124799 0.39841976596398 1 -0.549893963539868
0 0.53107904297924 0.0496806518346214 1 -0.383538777262105
0 0.590466712420325 0.0502433480167337 1 1.11500220400807
0 0.555304495101698 0.132755760535958 1 0.964692882396626
1 -0.205390357027015 -0.242557388506702 1 -0.365284944335114
0 0.165805777596487 1.27188764043875 0 -0.735052420014786
0 2.42239798594453 -0.149086572704403 1 -0.245644411042568
0 1.41783079405366 -0.654101966244578 0 -1.16256259536607
0 0.839256402234679 0.151750681166791 1 -1.40726691234591
0 0.79808647386882 0.046463236112854 0 -0.724269493760307
0 0.704948399984006 0.725257292718485 1 0.0926334015061429
0 0.0836369791024463 0.455498680449811 1 1.22710180086031
0 -1.31124195650889 0.771295048772518 0 1.36412104683115
0 2.00806790302617 0.86806249763357 1 -0.972546961598861
0 -0.598703503686098 0.352534442225656 0 -0.102679352262131
0 0.752822673798864 -0.319798807946387 0 -0.109798319580774
0 0.925834476128841 -0.377523748235146 0 -0.342481851396461
0 -0.836224985227128 0.724446323251559 0 -0.053165437607205
1 -0.882946228384726 -0.444044056248937 0 -1.07113256578558
1 1.52088908971274 -0.337313883910958 0 -1.00241833899898
1 0.739213998830703 0.273214332462717 1 -0.952404071062612
1 -2.46112166063893 -0.561449788595173 1 -1.08328928355691
1 0.545758920100106 -0.458312102682435 0 0.480388198124207
1 2.16768476763422 0.685417998992072 0 0.248923537909996
1 -0.439040245105305 0.772798343791273 1 -1.2009717815708
1 0.870118324036837 -0.0677469022209851 0 -2.0172184191576
1 0.336001835761263 0.393118412519903 0 0.948510558499478
1 0.815538754375102 0.633377930806553 1 0.067654540326869
1 -2.29527595516613 -0.801320260186244 0 -0.170018928961336
1 -0.0632606283371372 -0.0326499442329705 1 0.70326036471034
1 1.5686086498337 -0.46572085323095 0 -1.24334627355328
1 0.980626297604377 -0.62662305415197 0 -1.37870751938585
1 -0.644304431992008 0.409305372314461 1 -0.893933024838841
1 0.350795488207024 0.431377346157906 1 -0.534502481264186
1 -0.454577231839663 -0.884233227523078 1 -0.183326182153124
1 0.0066392995966323 0.440613030086341 0 -0.979574532275415
1 -0.636662351077298 -0.559484261133696 0 1.41848348627733
1 0.373200306216842 -0.81748154976404 1 1.9454135533963
1 1.09444671507721 0.190317594118883 0 0.319368369651514
1 -1.44713365380489 -0.199705822099083 1 1.48593502084312
1 0.105623886992387 0.186874395067629 0 0.828061215892522
1 0.576736624318914 0.551894220326844 0 -0.13049242196569
1 -0.703454704690489 -0.930864855401342 0 -1.50260193583771
1 0.15684338196812 0.183553489504068 0 0.869630687875634
1 0.964543655920921 0.672555348849776 0 -0.431612350115705
1 1.7621741667659 -0.32295443322307 1 1.48525061812665
1 -0.562190869852124 1.08888068929424 1 1.99247991403556
1 -0.0258997917861796 -0.336440799583961 0 -0.516664572586858
1 -1.10279796216144 -0.25405365148992 0 -0.0920903767915669
1 1.22686452008966 -0.376097806809454 1 0.293582300744826
1 -0.0317997175373374 0.174550346371235 0 -0.115801854983678
1 0.459758424842016 -0.832416968788014 1 0.664907827451155
1 -0.507887697738966 0.64827353326434 1 -1.27413830314823
1 0.329096216411389 0.295520072364718 0 -0.0560751668565037
1 -1.40643281236712 -0.471295755514129 0 0.844609193006393
1 0.51667614253501 0.0696900670519632 1 -0.191838444493704
1 0.691247002484224 -0.574726036058201 1 0.168636169957874
1 -0.11342145762519 -0.287243812351062 0 -0.498571443794425
1 0.605426537276616 0.617993289145611 0 -0.00687146320849835
1 0.315800127143215 -0.217323661975446 1 -1.5508805223744
1 1.0674030943261 0.23611134294149 1 -0.744117325565392
1 -0.460576056671502 0.052229296225777 1 -0.0403496576425405
1 1.12144105354071 -1.67358533583218 0 -2.9065643308253
1 1.08084051858391 0.532939332278045 1 0.277109759979489
1 -0.392585834259175 -0.47605293199938 1 -1.40851448097849
1 0.652831944412864 -0.0115903462318094 0 0.547546646766923
1 0.0675419360761151 -0.396105425249615 0 0.712970233485205
1 0.60114456905789 1.1675525665406 0 -0.729651228011257
1 1.01057833546019 0.688611477677288 0 0.54131753766173
1 0.204318215253215 0.168363637215578 0 1.23181357144291
1 0.162723499726481 0.472230869535972 1 1.14736493815413
1 -0.100787141953141 1.39700303379547 0 -1.02202973726344
1 0.383804828766524 -0.141962330976105 0 0.648435961147841
1 1.37692225555078 0.841522111976544 1 -0.198034039160219
1 -0.761225449935407 -0.503206785144959 0 0.0859859400395333
1 1.47064055398746 0.331751568525392 0 -0.636433262998871
1 -0.28594424923874 -0.135582293538236 0 0.268074281393649
1 -0.292228123391672 0.282446189858876 0 0.441111595990301
1 1.47741313070761 0.229316461733299 1 1.04950093203165
1 0.773434621297776 0.492785492053156 0 0.199462268141644
1 0.208686886037811 0.121464464236967 0 0.749086543417193
1 0.784648897147547 -1.30611987440372 1 -1.81269715313221
1 -0.963015998571748 0.329900987082569 0 0.344969737943944
1 1.39912928835648 -0.293522337854257 0 0.241644804111376
1 1.01291883737569 0.184289284808674 0 -0.917296978755478
1 -0.168690086324216 0.842806190842579 0 1.9977745664682
1 0.569919490539821 0.927867041771896 0 0.771914066520576
1 0.692232629980717 1.26875772598013 0 2.14871836589622
1 1.03727712058799 0.225966935918822 0 0.0826726171428992
1 -0.126097267062222 -0.225849228031173 1 0.254592482749344
1 1.04449785928991 1.27167552389734 0 -0.107137081684899
1 0.453473695688269 0.515317641801567 1 0.595292513528987
1 -0.267327186137669 -0.296974283181322 0 0.609321832879991
1 -0.608164831889654 0.56126958898008 1 0.409779925815534
1 -1.24751750749313 0.237409870852331 1 -0.0960526981847107
1 1.03699197304479 -0.15276053364637 1 -0.697782133414179
1 0.0819386723928424 0.612448563829253 0 0.528205527493103
1 -0.244075789481989 0.62027995152293 1 0.00604476441378887
1 1.36613853043578 -0.727420036940725 1 1.40871197361558
1 0.930976700245217 -0.41496306094549 0 -0.173453593762951
1 -0.925085281985559 -0.398523821459594 1 0.934202850786948
1 0.664583837532575 -0.0976124098915982 1 1.39976200068576
1 0.139305488631419 0.304202788290287 1 -1.21323020162235
1 -0.701629678117523 -1.10107962289911 0 1.15588823389638
1 0.255065150009576 1.19549389107424 0 -0.241229170497883
1 1.621345130737 -0.216542062105241 0 0.776157548746706
1 1.60510939774237 -0.359108734302917 1 -0.522562628313074
1 0.0906700232680391 0.065978959810258 0 0.291613920432715
1 1.62850121173969 0.411864177384434 0 1.30581042232525
1 -0.07753483514955 -0.121696674892032 1 -0.903740809598955
1 -0.776483467038035 -1.20373917570267 1 0.567058956335757
1 -1.0382563709856 0.602464283845692 0 0.555431627092417
1 -1.74347075054204 0.665132358865661 0 -0.118504121941588
1 -0.665760799222687 -0.205470680786541 0 0.798855056019575
1 -0.483413457061495 -0.755509461806629 0 0.0473987298747786
1 0.20306974951502 0.720220210736653 1 0.614498478074672
1 0.43958428105515 -0.571810873504347 0 0.360287534637974
1 1.67349484471085 0.874361854681007 0 -0.915334098278681
1 0.187575661820674 0.112473769380669 1 -0.350241360263258
1 0.43898849821649 -0.572217970282972 0 1.11629997902511
1 -1.13795334062912 0.889200627987665 0 1.18266393863467
1 0.227666208938828 0.650313577505152 0 0.467286980402891
1 0.927328228925953 0.963888976070789 1 0.349463119421139
1 0.142884674945541 0.877077151869817 0 -0.805221403628367
1 -0.601130555670051 0.274501005241715 1 0.60749621248073
1 -0.168602666203674 -0.744271535527525 1 -0.996984221130483
1 -1.94581801186468 -0.474128204160126 1 -0.0808932090847811
1 0.471050584129597 0.691100823776096 0 -0.844851794189453
1 -0.114409124058638 1.6066009049055 1 -1.31298041906755
1 -0.553173782661412 -0.28700694897035 1 -1.42563391768844
1 0.254131795060391 0.210700801817954 1 1.3360474835911
1 0.478575470914819 0.436984195900286 0 -1.6709408218788
1 0.437457679638468 0.215934996453015 0 -0.127314141535542
1 -0.447856365923311 1.12381356796813 0 0.927602369687048
1 0.630785379895667 0.341625670555058 1 -0.128647837889445
1 -0.421488224850696 -0.38345901388211 1 0.497798786928303
1 2.53042725785146 2.04989092491166 0 0.0511548064066738
1 1.26199546951131 0.592845793891304 0 0.26530039012439
1 -0.167483531254529 1.45011871588116 0 -0.156391857289238
1 1.70807236650661 1.29629804664733 1 0.186812166357433
1 -0.167718091228457 0.000935650586375958 1 0.734960012269377
1 0.791415074481144 -0.110560250460025 1 0.565673411890748
1 0.861863336205834 1.33195767944768 1 -1.63575946713642
1 0.0462855439348421 -0.383320577438178 1 -0.283278986824695
1 -0.201576005310977 0.61430727772584 1 0.674651229250509
1 0.806763955344735 0.196603756056813 0 -0.449842869017464
1 -1.03210037639285 0.508858227004482 0 -0.783830416640687
1 0.2600150442319 1.63999141849765 1 -0.817824439360177
1 -1.86193565805165 0.368861859605477 0 -1.36514013226244
1 -1.09158723880936 -0.000417080995245803 1 -0.622932924767673
1 0.0622132459697945 -0.644144034151964 0 0.579378890884359
1 0.0288819820124985 -0.8622998930241 1 0.537350108686693
1 0.312123922171846 0.211789091626611 0 -0.493244603289789
1 -0.806587675503075 -0.994797184259384 1 -0.833545036190256
1 -1.2855527252269 -0.0134019815621739 0 2.67348943116147
1 0.264015870898513 0.522887835109114 0 0.551811129854469
1 -0.453414101616771 -0.207705522736933 0 -0.119773040684616
1 -1.04611721904024 0.711907014954234 1 -0.203350782836366
1 0.415395500510547 0.594549320709397 1 0.351666862245438
1 -0.799120149479131 0.416251602184091 0 -0.0238809977118373
1 -0.732931701135011 -0.917741974666634 1 0.280865710951616
1 1.25978989861976 0.989510322348855 1 -0.859376340822507
1 -0.337914179841905 0.111173289825665 1 0.471518637366843
1 -1.39179230044784 1.15034848957219 1 -1.05915152209012
1 -0.83442488164731 0.0136847820239807 1 0.206241000313938
1 -0.731105283469181 -1.10363255516157 0 0.233140019718722
1 0.962349714046468 -0.268883925784207 0 1.6742155888774
1 0.036742397510098 0.495352683904853 0 -0.990744952516438
1 -1.623105140712 -0.136015261451711 1 -1.16203771109407
1 0.133473177623956 0.324253231485278 1 -1.41713226875394
1 0.683785171886042 -0.231685024547244 0 -1.57498196852665
1 0.0635528960134857 0.859171491535746 1 -1.47437547636142
1 0.365052895736534 0.889147878903382 0 1.08407254594077
1 1.31153830836759 -0.628060191063637 0 -1.86162560994801
1 -1.53377986304782 -0.182239261334669 1 -0.428955733760881
1 -0.719856222014614 0.326990353401496 1 -0.273634851848469
1 0.597488870509672 -0.867052063312411 1 0.605814315024895
1 0.541081686833488 1.85471426431034 1 -0.782674850332511
1 0.54051200741401 0.00234456669394334 0 -0.00573876603577211
1 -0.289234987963757 0.696744451287914 1 -1.93178043997476
1 -0.980076562353867 -0.658895598168872 1 -1.45025202797208
1 1.9357589967331 0.761495741746026 0 0.13594645255723
1 -0.928003609825844 -0.703865639364205 0 0.178085919461627
1 -0.586161335516217 0.243033056985622 0 -0.42420919949414
1 -0.813416478558428 -0.707874655076082 1 -1.34184031121894
1 -0.813464993677344 -0.383685820860307 0 -1.24667373067986
1 1.52725278658154 0.519002756417599 1 -0.941242564182445
1 0.697169671209823 -0.0614058207318119 1 0.217833835798059
1 0.123678410482315 1.23541795219152 0 0.37765739765843
1 -0.314158586489336 0.0301549951245623 0 1.16021665029169
1 0.715971884798547 0.913627630592189 1 -0.140620214973979
1 0.317690625159387 0.354549939540588 1 -0.166747763088193
1 -0.364509615404476 1.16765806003633 0 -0.160931582687244
1 2.19549574878074 0.360536649593234 0 0.645561074406004
1 1.68864737646976 0.840655400402545 0 0.755252242695606
1 0.300254895468425 1.29019202780295 0 -0.290001865297753
1 2.31871992415687 0.630649076666248 1 1.20649156606805
1 -0.802555985751035 0.193475106371381 0 0.807581675189568
1 1.34872065870941 0.371061018108675 1 1.11113363277807
1 -1.64496652907961 -0.240434479251734 0 -0.0506604168204806
1 0.274757732530376 2.07477461554937 0 -1.2464874451931
1 0.114117753235091 -0.768210302599576 1 -0.102100812217696
1 0.660127401452671 0.256890354995581 0 -0.323112705875327
1 -0.0434938642492684 -0.743377312725579 0 -0.00638217085227826
1 -1.66560786257017 -0.159521373401195 0 2.0750321832207
1 0.654211032690896 -0.267554300765386 1 0.454224553359093
1 0.473291155665301 0.538799087571505 1 0.431640795394882
1 -0.342649782517927 -0.147680412138177 1 -0.792879688183665
1 -1.30454172087878 1.74971404135681 0 1.06371264101308
1 1.27236563410121 1.7922672602958 1 -0.126107158550091
1 -1.08952599787804 0.13988424479517 0 -0.969171148728299
1 -0.778344445494542 -0.0141457383480288 1 0.00453102407317494
1 0.136559593081642 0.00173790728145541 1 0.15719539114126
1 -1.00281005871244 0.242911294693689 0 0.536070659081842
1 0.293353459927029 1.95803422023939 0 -0.447033244832753
1 1.16458336984814 -0.515106061695113 0 0.151968876911737
1 -0.458246104035681 1.10239438051331 0 1.3204521585035
1 0.445076619771697 2.21322796520431 0 -1.06795936712334
1 1.05122072531912 -0.79885417666333 1 0.746132131491468
1 1.53043712115856 0.629972333730235 0 0.626432773252222
1 0.0053228418730019 -0.534343476443148 0 -0.582084020105919
1 -0.514429341245391 -1.3388696576705 0 0.435204664186955
1 0.0872821450183551 0.434052233648579 1 -0.934407425067495
1 0.254646880414435 -0.170125077240713 1 -0.413196350793904
1 1.22863634307361 -0.282210077107671 0 2.24418990767473
1 0.774122808355991 -0.150346060611246 1 0.520865495750836
1 0.948955811811239 0.291334344700506 0 -1.55486172886406
1 -0.454576696028958 -1.2414115237171 1 -2.00981868402449
1 0.504969673792203 2.17188811343886 1 1.42108323354502
1 0.427520979085306 0.731633254220781 0 -1.68370125398734
1 0.890208521413053 -0.57341977143753 0 -0.531892170865318
1 -1.32585167905258 -0.0145164048076335 1 1.31778052507428
1 0.0131698879420521 0.420803273666423 1 1.11997780310676
1 -0.572787361914454 -1.09371737558852 0 0.456580698665179
1 -0.799225825236008 -0.178638996638414 0 1.21815443918679
1 1.18537280926523 0.304249315371894 1 0.984947313298854
1 -1.2660241643501 0.264123987424893 1 -0.335320227522014
1 -0.200348694636568 0.992237623832967 1 1.82154207880325
1 0.767269421406594 -0.0212850952298114 0 0.687032115162217
1 -1.10245253020322 -0.213141104283481 1 0.888705135448598
1 -0.251702141945468 -0.650342284395552 0 1.81569394688404
1 1.4765667797001 0.353384836169912 1 0.242494099171511
1 -0.552938738842552 -0.0354157924035861 1 0.27986271789609
1 -1.34757507147284 0.263878494930283 1 -1.1445577972307
1 1.37619655911703 0.367209061676381 0 0.30020431805567
1 -0.448949974981581 0.992623196485462 0 -0.0865267487525254
1 0.577906804808648 0.236091931776252 1 -0.0538956959471733
1 1.09806211372775 0.433477121303958 0 -0.438734992137227
1 -0.376120653694079 -0.884473121458096 0 -0.249373303600482
1 -0.328263657278634 0.57916781067082 0 -0.648098799666073
1 0.432248441702552 0.565354191070726 0 -2.14635160901068
1 0.422044812426959 0.579034944937062 0 1.40485462177851
1 1.01864963516322 1.64743132384653 0 1.11642980936839
1 0.845590736990871 0.193269121734275 0 1.16169023075242
1 -0.286009995992217 -0.501388931824946 1 1.53434170208442
1 -0.933791587123351 -1.11772527811022 1 -0.321584673119202
1 0.194793830276026 0.500589828351866 0 -1.89762928882454
1 -0.949891801179218 0.253961366334499 1 -0.0172936564123897
1 -0.200047021789234 0.600492105743242 0 2.44436103247882
1 -0.752836657688181 1.34026517529773 1 0.514946569925176
1 -1.19458467331126 -0.66867701387408 1 0.789407295858534
1 -0.521654075954973 0.204736698395266 1 0.498260579250988
1 0.0617898378613871 0.05283547113399 1 -1.1997712034368
1 0.918711084521052 0.595201813381382 0 -0.464669542720402
1 1.07095219910386 1.14420899844363 1 0.26333526095561
1 0.339511173621829 -0.47156532990994 1 0.473676495379637
1 -0.873631554811277 -0.444739551028635 1 2.21997568045643
1 0.480964018522265 -0.696712632832563 1 0.165683748356952
1 0.513686134870772 -0.380384901135453 1 -0.137213441123108
1 0.350573108662734 0.437615355916426 1 -1.61568455129807
1 0.607509930385138 0.345956806819544 1 0.847918793232264
1 0.185394816498578 0.474467614663804 1 0.0151259904823153
1 -0.70139049894402 -0.03855973715736 1 -0.0304473812809355
1 0.185292751611525 1.00899571163796 0 -1.5313435805402
1 -0.116614540988098 -0.0647174772624109 0 0.00327657918689241
1 0.383502300288091 -1.25307454895195 1 -2.73504781334018
1 0.166117642630692 0.607194653592366 1 -1.72725786349554
1 -1.18889110859927 -0.664848262272214 1 -2.1809665607787
1 -1.84405268956155 -1.03696831201973 0 0.624465510473414
1 -0.277785687100804 0.0657080719935046 1 1.55231196000798
1 -0.46511615359391 0.851280898297459 0 -0.900230263286968
1 -1.32116140096761 -0.647003172889678 0 0.282070237912121
1 1.60782435214481 -0.724817607537389 1 1.16325443964325
1 -0.157787301268437 -0.00099118503224975 0 0.276174428557458
1 1.41974585088226 0.487885396493251 1 0.191990752859811
1 1.83699202158591 0.795820058317454 1 2.70654075586634
1 0.378337312669955 -0.167497257957498 0 -1.26992415986225
1 0.206826724742155 0.907184764080823 0 0.193044081070662
1 -0.555597569550123 0.187708602611518 1 0.609843308548424
1 0.562357215854121 0.822834885575139 0 -0.85157745089428
1 -2.11248818051653 -0.324764401449153 0 -0.19066773029301
1 -0.218662891738841 0.151161486775439 0 1.77845869001438
1 -0.734616760071905 0.0875366253540572 1 0.64894296269523
1 -2.12103952306854 -0.0397958487168162 1 0.567813898715878
1 -0.0860174372578814 1.03948537726832 1 -0.379436126017957
1 -0.772106975113472 0.130472722320924 1 -2.79214691948803
1 -1.24526910326898 -0.663750564092339 0 0.197483935099139
1 1.27344772296648 0.638309141774951 1 -1.5562748336336
1 -0.273238312141623 0.34485943974244 1 -1.04201371474857
1 -0.31219478258464 -0.788313804281678 1 1.56558681614143
1 1.68850923545952 1.39012992490227 1 -1.86529272114185
1 -0.553696608824115 -1.07769451357642 0 0.00659926949436778
1 -1.69719637398186 0.536511676213634 0 -1.76527142926312
1 0.382530192606248 -0.371493078509986 1 -0.894067439334927
1 -0.366506113651878 -1.1400750805906 0 0.407870808407401
1 -0.546931578283263 -0.851184286416765 1 -0.385521161662345
1 0.277698315057547 0.577598771345625 0 1.16115399388669
1 -0.744990092942809 0.199900976327655 1 -0.361107944156177
1 0.509358335343595 0.104459943151971 0 0.979173189285174
1 -0.475008277827488 0.942115357773881 0 -0.316409778034791
1 0.130886339896967 -0.206555688550482 1 -0.0688378535069387
1 0.36884591504341 0.00981088097506125 0 0.535354900281886
1 -1.99660573311398 -0.218521729750223 0 -1.01970391718255
1 -0.498322964974893 -0.0386028602969052 1 2.02951249988416
1 1.2453134324322 -0.201182849841005 0 2.05940417784364
1 -0.676103254483663 0.927619224715805 0 -0.131276529536661
1 -0.966196616251979 0.901490299367113 0 1.7119327189503
1 -0.270912253615347 -0.129237647911474 0 -2.4628483198726
1 -0.512880714310866 -1.23626336511983 1 1.10013807724
1 1.32364074031536 -0.129307144211218 0 -0.566303434833378
1 0.461421425560432 1.07934180367859 0 -0.623466922172023
1 -0.204995604076891 -0.076121066811309 1 -2.38965296754075
1 -0.395472883148865 0.818768015333088 0 0.0584008627674891
1 -1.12908971410596 -0.582336842403616 1 -1.40279001463845
1 0.367616946325871 -0.504541973074886 0 -0.280899871194949
1 1.25643096323158 0.364571801635244 0 -0.778681410147733
1 0.304960018920167 1.1255038821749 1 -0.150372217782563
1 -0.562272272000402 -1.03981040701543 0 1.21548857329293
1 0.656539450768929 0.606439567215592 0 0.259020540386737
1 0.715096976476661 0.268526429297109 0 -2.15541037384209
1 0.641465273555949 -0.122650433486497 0 1.65206949556078
1 0.305549466418932 -0.799137734882802 1 0.355790078075189
1 1.27519098828103 0.307934102100214 0 -0.765063745426788
1 -0.299242891318996 -0.77890533843164 0 -2.142288761082
1 -0.446738077189042 0.280987139299654 0 -1.49713628306643
1 0.563146657547164 0.592080113824805 1 1.67188456957804
1 -1.19146344419095 0.679214006151708 1 1.17326261536999
1 0.0530966614755567 0.176985873118563 1 -0.533183131566192
1 0.252916352860172 -0.298106335673082 1 -0.32595549345032
1 0.391751394883912 -0.0339407191486106 0 0.391000338767061
1 -0.563790881282643 0.127256219432089 1 -0.713101051487048
1 -0.601164297290451 0.357415165689648 1 -0.583304494755276
1 0.789962314684842 1.3223595878838 0 0.644378181309083
1 -0.787496596859613 0.385134627414805 1 -1.44725985284211
1 -0.275269635515305 0.139583005905444 0 -0.215161841721989
1 -2.01406596963504 0.225875115598105 1 0.178203100025534
1 0.583952434760562 0.995914370967593 0 1.40419643730925
1 3.0040408216671 0.817690093659428 1 0.66827559341767
1 0.16467442075962 -0.131952894228946 1 0.236960680868329
1 -1.04495966174983 -0.164800104457119 0 0.978381655168533
1 0.231197323216076 1.53299447600089 0 -0.557407048403881
1 0.198201818159806 0.427795446802934 0 -0.747810640285202
1 -0.774545134263484 0.0736703067844402 0 -0.828114800234701
1 1.87380391850535 1.36304149899189 0 0.692293204673974
1 0.233221268988835 0.734077098228927 0 -0.447361759832924
1 -0.193116868463391 0.290854441606931 1 -1.41038081776161
1 -1.42234569605857 0.63784992827278 1 0.0495376179852379
1 -0.671956438048013 0.398766605416402 1 -0.503616647517245
1 0.840803097053384 0.462151089871761 1 0.189253781104931
1 0.583239311633518 -0.179893590960248 0 0.0879248972069471
1 0.461302740767117 0.45950554687388 1 -0.0163099663853561
1 -0.0883967256433319 -0.100139638478132 0 0.248246186894413
1 1.94641447850997 0.808670744938063 1 1.09148202516722
1 0.485703940394201 0.177901333636123 0 0.424517377956384
1 0.222957936977161 -1.19262668470025 0 0.272806879280021
1 0.410250438154701 0.014598673647136 0 -1.33748104955347
1 -0.989043431214883 1.10825986993667 0 -0.442655210396445
1 -0.233410272168969 0.039525251574785 0 0.0382382459808905
1 -0.0497601308127025 0.0669035846811985 1 -0.410471406663179
1 -0.508819818729525 0.5756158821569 0 0.210200960699898
1 1.6469741073823 0.387786330470761 1 1.48972489010006
1 0.434208312559847 -0.142325840199663 0 0.402746928142584
1 -0.941883003673062 1.05308741342646 1 1.48844991877018
1 1.20787252933975 0.102106036708362 1 0.637604348318377
1 1.02223998365941 0.506125307723073 0 0.686818300110717
1 -0.623399564977146 0.230115315912282 0 -0.182836080166244
1 -0.869805315506854 0.982034001719213 0 -1.42905281033735
1 -1.07374131128983 0.673784860742284 1 -0.300320030127012
1 0.894511489406526 -0.179974570248967 0 -0.701052410595908
1 -0.136068087902495 0.534806936381278 0 1.53029006653077
1 -0.467540691594786 1.06483801409327 1 -0.797476498125193
1 2.77888615296166 0.802496744306791 0 0.583457358954633
1 -1.32872656993713 -0.280993361259123 0 1.81310385962037
1 0.91050384370374 -0.370985555403574 1 -0.286657733318304
1 -0.874428889677248 1.20128301764872 0 0.0676339337202376
1 -0.80461052878585 0.620643618797017 1 0.068829203770188
1 0.662630134137925 0.860692619250821 1 0.980019205880409
1 1.14044360509161 0.940934387190701 0 -0.466405941537596
1 1.27953142201448 -0.923152976241101 0 0.0658505211691828
1 0.734131253439119 -0.215236249207777 0 -1.14466736431156
1 0.844225838962583 0.795897461369389 1 -1.74149257210174
1 0.48580788558736 -0.381958805979519 1 1.05728090502269
1 0.968658380514891 -0.30346072618559 0 1.52356024422809
1 -1.43282000348104 -0.0663275912635349 0 0.936710399527959
1 -1.91795418555277 -0.320108397321698 0 -0.795784984801477
1 1.26215074259252 0.487412222955827 0 0.533311662197303
1 -0.0236781144773755 -0.496724768110292 0 -0.433828075592345
1 0.114024447609429 -1.08359215226352 0 -0.31400453861288
1 -0.426538937512389 0.499494832084274 0 -0.0312288050814398
1 0.39230227207755 0.563245606094418 1 1.09251113498065
1 -1.64070601481572 -0.927513527874057 0 1.06057057059086
1 0.183336751129133 0.497487740982976 1 0.555908530371837
1 0.908907429934169 0.501766502545151 0 -0.699890297718916
1 -0.357308496149698 1.24967321409103 1 -0.680910962831416
1 2.02282330558212 1.76576052740093 0 -1.33951250671871
1 0.577723163678553 -0.600450380377454 1 -0.922360656165897
1 0.295212198104272 -0.152794378639045 0 -0.0852022477518489
1 0.14064738166376 -0.0908127113117574 0 -0.0452939854922578
1 1.14428501717519 0.528125215003828 1 -0.0795453457579962
1 0.429146893213688 0.300439494362166 0 1.28387836452864
1 -0.459452656409391 0.159930965320393 0 0.448324898269241
1 -0.248605009120847 -0.160776089553742 0 1.33547464857013
1 -2.21912707773373 -0.360020295233202 1 -0.449121227368743
1 0.260638685359233 -0.223807910994877 1 -1.16722308075562
1 2.07284332048593 0.396259327682704 0 0.629787259246129
1 -0.732949751428348 1.09976168810657 0 1.7743022804373
1 -0.69339454538527 0.867990074426047 1 -0.943631334028389
1 0.315611731178441 0.421435722735742 1 -0.179243766964812
1 -0.224079516151297 -0.767290837795409 0 -1.51113532838248
1 -0.373423884360112 -0.783254595868207 0 0.631425669189128
1 0.495168692765993 1.50357808932241 0 -0.0475194298968509
1 0.64071290103347 0.082290700338915 0 -0.763287065633848
1 -0.664155573916086 0.639215192122464 1 -0.999341787931893
1 1.39752208672612 1.10641083430459 0 0.204208975496064
1 -1.84244504887432 -0.866436370541504 0 0.560820231885703
1 -2.12179295422128 0.315730681401889 0 1.01190473984789
1 -0.944916503308179 -0.301860532897859 1 -0.713579736925008
1 1.63259800755592 -0.399033803129661 0 1.60964931165973
1 1.71646597926428 -0.45707396297729 1 1.41765340866779
1 -0.803776347079294 0.726188584652872 1 0.526416225787442
1 1.68743180447626 0.0407405058317031 1 1.14569001662043
1 0.831365710326039 0.130002207113363 0 -0.321563490289978
1 0.492232327019623 -1.10748533349425 0 -0.525559868245028
1 -1.22065536347628 0.814970436582296 1 0.578596355616577
1 0.133951942700845 -0.475800991159222 0 0.26824863336864
1 1.24398878964087 0.69511811634909 0 -1.18792340581742
1 0.538332519197058 0.0614701508022762 1 1.30023586478528
1 -1.63405150092049 0.256687724677692 0 1.03489509104037
1 -0.688257816451826 0.203276849285626 1 0.429771709024378
1 -0.448576951780295 1.25392631466292 1 0.23544457123119
1 -1.03986989708491 0.149994408100249 0 -0.14072305451832
1 -2.04931736056485 -0.984140152045443 0 1.41395597459145
1 0.00859710180207066 0.562256547091209 0 -0.136016913971364
1 1.21270516856624 -1.49021538085838 1 -0.743990152809408
1 -0.417409810644785 0.32064514286229 1 0.1696957198459
1 1.13492163672254 -0.0888340003509307 0 0.305561887047585
1 0.659908969068408 -0.463844223425165 1 -1.17631177537917
1 -0.822222864202656 0.715546595118779 0 -0.192318830455252
1 1.2517672456372 1.14476604927881 1 0.554784836829255
1 0.0520567161751622 -0.136294804627013 1 -0.943767015872917
1 0.187134512383527 0.990436280881245 1 -0.936794050017735
1 0.23870399488742 0.404111905484036 1 -0.342063141631141
1 0.970693755088452 -0.85228524564255 1 -0.0916436187538812
1 0.4139361972176 0.701915815505461 1 1.88227019170074
1 -0.249667256283257 0.539331310946883 0 -2.07520999985335
1 -1.65864287615696 0.361089999224681 0 -0.475341443024456
1 -0.626936842845134 0.984881918733056 1 0.0310675314518211
1 1.13698148871346 -0.333193865834205 0 1.09544239544989
1 2.55293524403586 -0.0457640110689308 0 0.470237757540561
1 -0.0613781002340125 -0.167733166602993 1 0.18587705691213
1 0.00900605148277966 0.0341929748509823 0 0.109950999958046
1 -1.14672114595234 0.0310860848236118 0 1.11543718262168
1 1.54632596743471 1.21966541712207 1 -1.22116534979546
1 -0.659849393090611 1.24244849342259 0 0.000581997134433542
1 0.354372132154472 1.3927532368248 0 -1.00727636048868
1 0.500590387024082 0.725909407600742 1 -0.312569930311937
1 -0.693309397841542 0.0937674815927561 1 -0.339001119687974
1 2.09456466993204 0.31643840034403 0 -0.285348942257033
1 1.65835456490589 0.32166326880768 0 0.180152424987957
1 1.04055797040253 0.150219916105073 1 2.07697930893949
1 0.319951377904587 1.48728897452 1 -0.533652809123766
1 -0.778318864209556 -0.220093840906637 1 -0.337363653352787
1 1.52667915148819 0.669874065580292 0 1.60055220239442
1 0.701497178787453 0.498429217250712 0 0.565103670412361
1 0.744196859211029 0.372663255707367 1 0.953915621239111
1 1.72250014948186 1.49298034290833 0 -0.691515303801586
1 1.17520212919778 -0.282141098737874 0 0.966468665899721
1 0.240255935155611 0.173645774442449 1 2.33740524009521
1 0.62595816502507 -0.832146230014912 1 7.08862246472479e-07
1 0.864357628562526 0.806165918379103 0 -0.153537799247829
1 1.31009422066176 1.26774777772245 0 -0.0247646783519262
1 -1.89124285815114 0.000125939037716377 1 1.08839328285288
1 -0.561313333872241 -0.15506797216917 0 0.655154048777397
1 1.18531248651136 1.44561697756607 0 0.152793026061209
1 -1.16294528124542 0.193012628104204 0 2.11509679279846
1 -0.0706653257490703 -1.79128456018978 0 1.35788255615405
1 1.61205756620449 0.348881353565299 1 -0.879420656363938
1 0.912024428243046 0.00236773567948567 0 0.417270512305143
1 1.25883019863649 1.07675451893284 1 0.737491485170412
1 2.11932800138998 0.870417764846239 1 0.569468350538132
1 -0.581976091263628 0.637134169460253 1 0.794096936633845
1 0.173539991550323 0.408615529021465 0 0.688460349684695
1 0.664895269338161 1.95145065223059 0 0.691780932414099
1 0.66823627507309 0.645336977667404 1 0.513788692728838
1 -0.367308126356999 -1.09438244600277 0 0.327477524253023
1 -0.452029861172909 0.283933352177848 0 0.154000581987534
1 0.257066152549571 0.0393488500367795 1 0.402290713537687
1 1.07006238407129 0.408942098094981 0 1.32493222346796
1 -0.600445489745716 -0.534967318231642 1 1.62303241841382
1 1.11081674171283 0.845911617010772 0 -0.585322941871545
1 -2.65875561515391 -0.757657503923649 1 -1.23871948738665
1 -1.95420638151076 -0.750175074961874 1 0.0435752786328665
1 1.41794125752182 0.449895478720355 0 0.00267761274964217
1 -1.47167266460232 0.505845348653002 0 -1.03577620179889
1 0.566303791516591 -0.212238604995041 1 0.1886467784503
1 1.33036146417378 0.906961790053035 1 0.381699479168785
1 -2.23649166734812 -0.496629680722335 1 -0.648681096037255
